Lang: hu
BERTScore-F1: 0.6725699359178543
ParaScore: 0.6871477593469509
BERT-iBLEU: 0.6659782273704374
SacreBLEU: 0.842916085636785
TER: 442.366026289181
Lang: pt
BERTScore-F1: 0.8344445544481277
ParaScore: 0.8384219978612368
BERT-iBLEU: 0.7233778817873887
SacreBLEU: 11.091773460701
TER: 82.17957505140507
Lang: vi
BERTScore-F1: 0.7272662536799908
ParaScore: 0.7399804843978925
BERT-iBLEU: 0.6711519914640408
SacreBLEU: 3.5840420977607224
TER: 311.3256113256113
