Lang: hu
BERTScore-F1: 0.8275585493445397
ParaScore: 0.8382659260395772
BERT-iBLEU: 0.7792127218746632
SacreBLEU: 5.9918045458799964
TER: 80.81918081918081
Lang: pt
BERTScore-F1: 0.8696701195836067
ParaScore: 0.8663273600297443
BERT-iBLEU: 0.7081087987414267
SacreBLEU: 13.286402429790316
TER: 74.02597402597402
Lang: vi
BERTScore-F1: 0.8580194160342216
ParaScore: 0.8601943860654744
BERT-iBLEU: 0.7157328622773642
SacreBLEU: 21.403253369999565
TER: 62.28462029355456
