Lang: hu
BERTScore-F1: 0.8615962582826614
ParaScore: 0.8688725252472673
BERT-iBLEU: 0.7892093902552925
SacreBLEU: 8.162695787657801
TER: 60.239760239760244
Lang: pt
BERTScore-F1: 0.9199180185794831
ParaScore: 0.9173835322756222
BERT-iBLEU: 0.7891629508622039
SacreBLEU: 16.64815908711268
TER: 51.719394773039895
Lang: vi
BERTScore-F1: 0.8770409369468689
ParaScore: 0.8978453897277211
BERT-iBLEU: 0.8138897045790303
SacreBLEU: 20.237302991639393
TER: 51.17162761241292
